17444536

6186401

5551823

5233068

6261689

5073689

6196178

5554267

5619778

5397334

3690623

3665201

3908667

3979556

2926489

3087822

2746089

2410223

2826267

2541245

4250889

1761467

1748756

1562000

1859734

1889067

1748266

1686178

1672978

1752667

2435644

3862223

1844578

1723333

1869023

1563956

1775645

1781511

1677867

2137911

1936489

2911334

5332801

2969023

2464489

2438578

2690845

2288979

1822089

2407778

2379423

2500667

2010800

2018623

2472800

2156489

2755867

2779334

2482578

2816978

2743644

2726044

2656134

2586711

2984178

4477245

2834578

2749023

2552978

2624844

2815023

2607733

3189023

2469378

2594044

2609689

2676667

2400933

2486489

2184845

2385289

2142800

2562267

2111022

3676445

2772979

2716267

2242045

4686489

2252801

2477689

2312934

2544178

3889111

2462045

2547111

2724578

2420001

2741689

2425378

2672267

2607734

2530001

2297289

2431734

2406311

2849245

1983911

1895911

1527778

1470089

1943334

3317111

2818445

1813289

2495289

3460845

2420000

3488712

2596001

2560312

2384800

2175067

2797422

2239600

2212222

2268934

2156978

2404845

2591112

2237644

2350578

2363778

5736623

1521912

1492089

1519467

1493067

1555645

1683245

1633867

1682266

1464711

1494044

1631911

2247911

1500889

1512622

1522400

1509689

1783956

1756578

1481823

1852889

1673467

1664178

1538045

1796178

1486222

1570800

1470089

1438800

1461778

1453956

1520933

1505778

1449556

1452489

1460311

1514089

1659289

1494044

1482800

1448578

1467645

1480356

1455422

1439289

3612889

1464711

1452978

1810356

1513600

1566400

1540001

1453467

1477423

1566889

1562489

1575200

1457867

1485734

1556134

1484267

1464222

1474978

1469111

1463245

1460311

1552712

1487689

1482800

1573245

2122267

2059689

1537067

1458356

1482801

1576666

1556622

1581556

1540000

1606489

1806934

1531689

1472045

1474489

1465201

1899333

1450533

1518000

1691067

1719912

1639245

1834800

2001023

2041600

2169689

2248889

2061644

2129112

2406800

2082666

2090979

2074356

2561778

3105912

2090978

2044044

2028889

1988312

2073867

2036711

3365023

2142800

2441023

2296311

2249378

2331512

2213689

2357911

2134489

2083156

2005422

2482089

2391156

2250845

2239111

2708444

2359378

2403378

2176534

2077778

2022533

2260133

2092934

2082667

2088533

2051378

4250890

1472045

1764889

1549289

1574712

1547334

1647066

1682267

1612356

1465200

1460801

1452978

1638266

1494044

1643156

1568844

1536578

1974622

1613822

1695467

1594756

1651467

1474489

1465689

1452489

1667601

1781511

1503822

1538045

1467156

1455911

1584978

1506267

1578134

1519467

1456889

1930133

1551244

1476934

1539511

1477911

1581067

1661734

1774667

1543422

1574223

1664178

1607467

1559556

1609911

1568356

1613334

1476444

1611866

1721867

1734089

1509200

1517511

1497467

1573245

1538045

1570311

1485734

1787867

1516533

1582533

1531689

1492578

1650489

1524355

1691067

1591333

1491112

1581555

1559067

1652933

1617245

1657822

1633867

1624089

1645111

1797156

1580089

1728223

1618711

1615289

1571778

1792267

1600622

1650978

2796934

1641200

1609911

1755600

1483289

1465689

1473022

1448089

1737512

1506756

1462756

1708178

1647067

1966311

1746311

1483289

1485244

1824533

1501378

1571289

1553690

1567867

1512623

1568356

1568845

1559067

1540000

1500400

1455422

1592800

1544889

1500400

1490622

1521423

1588400

1748756

1578134

1651467

1528756

1484756

1565911

1550756

1683245

1821111

1512134

1451022

1507734

1535600

1849956

1477423

1469600

1620667

1496978

1531200

1552711

1495022

1504800

1561511

1485734

1461778

1460800

1463733

1715022

1622134

1479866

1483289

1469111

1666623

1523378

1500400

1582534

1533644

1932089

1623600

1845067

1552222

1519955

1476934

1459333

1553690

1679822

1786889

1589867

1574222

1543422

1484756

1610400

1466667

1472534

1472534

1460311

2923067

1706222

2056756

2008845

2198534

2037200

2024489

2168711

2044045

2112001

2067511

2267467

2082178

2227867

2154533

2051867

2010312

1999067

2134000

2016178

2173112

2679112

2198045

2100755

2096356

2113467

2190223

2122755

2332489

2492356

2172134

2112489

2091955

2156489

2175066

2411689

2455201

2319778

2364267

2030356

2311467

2230800

2086578

2212712

2250845

2158445

2171156

2183867

2554933

2653690

