14526358

4402934

4403422

4414667

5929734

4161423

5867645

3788889

4182934

3553734

3358178

3620712

3776667

2592578

2621423

2776400

4736356

2549067

2780801

5117201

1806933

1552712

1517022

1631423

1742400

1549778

1589866

1620178

1580089

1913512

4261156

1503333

1229067

1106844

1046222

1034000

1254000

1053555

990978

991956

2378444

1115156

3051645

1098533

990000

1158178

1025689

1219778

1093645

1057467

1155245

1066266

1100000

3137200

1423156

1182623

1385512

1298489

1184578

996845

1085334

1054044

1608445

4390712

1769778

1697912

1679822

1767822

1725289

1606000

1639734

1618223

1708178

1671511

1955067

1796178

1692533

1694489

1676400

1684712

1628978

1594266

1679822

1624089

1840178

1644134

1869023

2025956

1679822

1025689

1363022

1287734

1298489

1349822

1310222

1436356

1170400

4136001

1179200

1181644

1167467

1423156

1310711

1258400

1275512

1165512

1318045

1350800

1454445

1318044

1415822

1207556

1162089

1494534

1265245

1175778

1188000

1491600

1208534

1466667

1197289

1167467

1159156

1177734

1271600

1274045

1286267

1498933

1414356

1241778

1232000

4156045

1167467

1211467

1180178

1257912

1208044

1321956

1209022

1194845

1216356

1252534

1192889

1179200

1304355

1325867

1212933

1341022

1339067

1232978

1395289

1345422

1383067

1185556

1230044

1330267

1223689

1262311

1264267

1330267

1349333

1270623

1314623

1279423

1001734

934756

1186045

1312667

1276000

1322933

1151334

1120045

1700356

1453955

1365956

1373777

1305822

1395778

1287734

1313156

1551733

1565911

1416312

1464712

1570800

1344445

1335155

1293600

1316578

1275511

1251067

1299467

1275512

1286756

1476934

1554178

1383556

1457867

1472045

3235956

1000756

964089

936223

937200

921067

961156

1018844

1007600

1024223

970933

1009556

929867

981689

970444

972400

937200

976311

973867

998311

964578

1046222

927911

928400

991956

912266

995866

925956

928889

920089

923022

1050622

929867

968489

973378

1002711

1038400

1323911

986089

928889

1059423

1014444

1001245

995867

986578

936223

917156

920089

912756

916666

986578

1064801

946000

979245

978755

1022756

1018844

967022

1040356

914711

948933

959689

916666

1004178

914222

1076534

986578

1029600

3265778

916667

911289

924489

950889

981689

943067

910800

915200

912267

935733

912267

942578

991955

912267

912267

931333

932800

911289

926933

906400

922044

1559556

1066267

934266

929867

917156

926933

1075067

994889

998311

982178

1026667

955289

997333

1012000

979733

987067

1080444

966045

955289

916667

960667

935245

929378

1015911

1085334

984622

1031556

990489

1023733

983156

1091200

926445

1020800

919111

924978

960667

989511

942578

962622

1030089

1022266

942089

914711

916178

910311

925467

1064311

1365956

1457378

1376712

1449067

1160622

1486712

1368889

1368889

1316578

1301423

1276489

1303378

1322933

1308267

1358622

1346889

1367422

1563955

1429511

1475467

1289689

1350800

1265734

1266711

1263778

1415822

1584489

1336622

1625555

1429023

1407511

1416800

1472533

1523867

1418756

1581556

1534133

1276000

1314622

1277467

1255956

1256934

1286756

1273556

1297511

1287245

1290667

1324400

1603067

1448578

1384044

1418267

1669556

1471555

1478889

1425600

1342489

1353245

1356178

1373778

1352267

1415333

1342001

1440756

1428045

1513600

4078311

967512

972889

973378

939156

928400

951866

962134

973378

920089

913734

921067

980223

914222

918622

924000

923022

932800

924978

924000

918134

915200

933778

1035466

966533

950889

940133

1038889

981689

928889

921556

921067

930845

937689

948933

946000

944533

922533

1057467

929867

927911

933289

969956

923511

1001244

921556

1002223

925956

935734

972400

940134

1005155

950400

988534

995378

987066

987556

1072134

988045

988045

992933

988534

932800

961645

965556

950401

945022

1060889

979245

934756

938178

993912

982666

1223200

1212445

956755

1032534

918134

1038889

944045

923022

1027156

922044

957244

1003200

991467

1019822

997334

1049155

981689

1050623

953822

962623

968489

955289

1096578

928400

940622

